00000.png;136;597;199;617;1;0.583;
00003.png;1303;406;1574;580;1;0.994;
00004.png;1354;486;1603;600;1;0.968;
00004.png;1466;428;1604;482;1;1.000;
00004.png;1352;434;1460;481;1;0.998;vwvxw
00005.png;1150;517;1390;630;1;0.963;
00005.png;1256;467;1391;514;1;0.998;wm7ww
00005.png;1147;463;1252;511;1;0.829;
00006.png;940;125;1213;361;1;0.933;
00007.png;1302;375;1589;558;1;0.907;vvwzw+v+mwwm+wwvvmww+mwwm+wxwmxx+mm
00008.png;1322;458;1422;507;1;1.000;
00008.png;1218;495;1430;611;1;0.707;x+mmvmxvvw+mvxwvm
00008.png;1231;453;1323;498;1;0.841;
00009.png;1278;429;1510;579;1;0.984;
00010.png;1196;521;1426;626;1;0.992;xwvxmxvmvv+mvxmxmvm
00010.png;1310;473;1432;527;1;0.993;
00010.png;1196;468;1312;518;1;0.838;
00011.png;1209;370;1360;447;1;0.943;
00011.png;1177;432;1518;628;1;0.621;I+w+I
00011.png;1361;387;1507;464;1;0.924;
00011.png;705;562;784;597;1;0.700;
00012.png;1132;323;1528;460;1;0.876;ImmIvv+7
00012.png;1090;414;1545;636;1;0.670;mm+I+mw+mmbI+lN+I+m+7mvvwwmmvm1m
00013.png;749;187;985;376;1;0.973;
00014.png;913;0;1128;93;1;0.768;
00014.png;1032;290;1084;326;1;0.417;
00015.png;639;205;869;394;1;0.998;mxwm+wxwxvwmvx+vwwm3m+nn
00016.png;853;221;1090;366;1;0.943;
00016.png;852;168;966;221;1;0.983;
00016.png;969;166;1089;219;1;0.944;
00017.png;595;189;829;389;1;0.976;
00018.png;1244;446;1622;586;1;0.922;m
00018.png;1251;368;1425;448;1;0.964;
00018.png;1422;383;1632;461;1;0.643;
00019.png;723;69;991;261;1;0.923;x+mmwwvww+wxvwMvwvw+wmvwmwmv+z
00019.png;999;87;1174;272;1;0.940;w+vwmvwmxmv+xwmmmx+v
00020.png;723;69;991;261;1;0.923;x+mmwwvww+wxvwMvwvw+wmvwmwmv+z
00020.png;999;87;1174;272;1;0.940;w+vwmvwmxmv+xwmmmx+v
00021.png;1296;364;1707;561;1;0.930;w+mxwmwwmwmwwmxmm+ww
00021.png;1490;291;1709;372;1;0.978;
00021.png;1300;283;1485;364;1;0.983;
00022.png;1385;380;1723;565;1;0.918;I
00022.png;1539;328;1727;408;1;0.929;
00022.png;1397;312;1537;388;1;0.949;
00023.png;733;64;1025;299;1;0.902;m+mwvmxmw+wxw+vwmmmM+x+x
00024.png;1372;265;1737;496;1;0.988;x+mmwMmmmmmw+mwwwmmmwmwwm+I+vxwmmmmmm
00026.png;1079;370;1432;584;1;0.661;v+maww
00026.png;1108;304;1263;391;1;0.749;mwmw
00026.png;1246;322;1428;412;1;0.686;mmmw7
00027.png;578;104;844;301;1;0.888;vmmm+xwxvmxx+x+xmxmwmx+n+7
00027.png;851;134;1038;329;1;0.796;
00028.png;1217;330;1614;567;1;0.925;v
00028.png;1426;273;1623;369;1;0.931;w+mmm
00028.png;1229;239;1428;343;1;0.652;
00029.png;1075;348;1471;587;1;0.626;m+xxwwmmw+mmwwmwmmmm+I+m
00029.png;1267;309;1465;391;1;0.586;wmwxvmI
00030.png;1268;339;1540;499;1;0.991;x+mmwvmmmmvw+mmmmmwM
00030.png;1384;279;1546;340;1;0.810;xwm
00030.png;1268;274;1391;334;1;0.806;wwwm
00031.png;1179;297;1529;546;1;0.780;mvwxm+vmxmmxv+xwm+mmxxw+7vexmwm+vwxmmm+xmm+w
00032.png;1282;270;1741;594;1;0.866;vmmm+xmmmmmw+w+vmx+vmvwxw+mwvxrvx+mmvwww+mm
00032.png;1491;215;1750;306;1;0.902;wmmmm
00032.png;1316;193;1483;274;1;0.947;mwww+v
00033.png;631;113;823;339;1;1.000;
00034.png;1395;347;1820;545;1;0.960;NI+v
00034.png;1409;246;1596;347;1;0.966;mmwm
00034.png;1819;431;1920;540;1;0.916;mmmwI+n
00034.png;75;492;156;532;1;0.716;
00035.png;1380;401;1668;581;1;0.976;wvMT+wvwm+v+vwmmxmm
00035.png;1537;368;1675;434;1;0.906;vmvm
00036.png;496;97;760;365;1;0.575;mvm+mwmmmmwwxx+wmmvvmwww+vPxmwm+nBn
00037.png;1255;366;1540;558;1;0.512;xxm+mvmwwwMvxvw+wvvxxMMmxx+vwwxmmwmmv
00038.png;1314;378;1748;576;1;1.000;
00038.png;1323;282;1517;390;1;0.983;
00038.png;1520;305;1747;415;1;0.942;
00039.png;780;71;1008;196;1;0.896;mvvmm+mmm+mmwmx+wmm
00039.png;767;176;995;289;1;0.819;
00040.png;1331;371;1657;543;1;0.967;
00040.png;1334;219;1660;379;1;0.959;
00040.png;222;451;295;503;1;0.788;
00041.png;635;50;943;330;1;0.655;
00041.png;949;133;1217;315;1;0.377;
00042.png;1093;262;1494;556;1;0.602;Ivwm+7+vmmzwmm+wwmm+Mxmwm+mmmvmxmmmmmxm+mwmwPv+mww+xw+jw+w
00042.png;1148;212;1287;286;1;0.939;xww+w
00043.png;709;73;949;308;1;0.999;
00043.png;976;256;1080;294;1;0.753;
00044.png;1269;231;1802;515;1;0.971;
00044.png;1282;156;1461;226;1;1.000;wmmmm
00044.png;1507;177;1552;226;1;0.757;
00045.png;629;59;883;341;1;0.907;mIwx+mwwmm+mmmwm+xmwxv+mvwm+vmxmmm+x+n
00046.png;1335;318;1655;500;1;0.961;
00046.png;1497;246;1656;309;1;1.000;
00046.png;1328;240;1493;308;1;0.749;
00046.png;699;425;754;481;1;0.804;
00046.png;860;459;1114;540;1;0.671;mmwmwmw+mww+Iwwxww7mI
00047.png;1491;366;1569;416;1;0.830;
00047.png;1406;402;1459;431;1;0.723;
00047.png;1400;433;1458;471;1;0.682;
00047.png;1565;455;1645;495;1;0.658;
00048.png;1017;453;1228;575;1;0.967;mvwxvvx+wnvv+mxcv7mJvvx
00048.png;1022;413;1109;452;1;0.797;
00048.png;1102;420;1238;464;1;0.717;
00049.png;477;65;845;360;1;0.849;3+mwwwm+xwm+xwwmx+immmm+n+m
00050.png;964;490;1242;703;1;0.947;v+wvwmm+xiwvxm+xvvvxxx+wmwxmmxRmvxvm+mvvwxvw+x
00050.png;1107;454;1246;511;1;0.998;vm7vx
00050.png;985;438;1099;493;1;0.993;mmmRv
00051.png;1188;569;1400;707;1;0.988;m+xwnRmwxww+vxwmmMwmm
00052.png;615;119;1114;374;1;0.659;x
00052.png;859;42;1090;133;1;0.993;
00052.png;647;35;853;126;1;0.990;
00052.png;1089;250;1168;320;1;0.753;
00053.png;1080;505;1423;701;1;0.702;mwmwwvm+Iwwmxmmxmmxm6+wmvxmxvv+vvxvxMKvV+mzI+w
00053.png;1111;444;1255;519;1;0.943;
00053.png;1257;458;1409;535;1;0.934;
00054.png;1105;582;1315;675;1;0.971;w+mvwwMvLwm+mvv
00054.png;1098;543;1194;581;1;0.844;
00054.png;1191;539;1316;578;1;0.784;
00055.png;1443;592;1628;697;1;0.987;
00055.png;1450;468;1632;605;1;0.932;Rvwmxm+vvx+muw+wxwmww+mm
00056.png;1275;570;1653;730;1;0.963;
00056.png;1456;493;1655;591;1;1.000;
00056.png;1282;478;1452;575;1;1.000;
00057.png;750;353;1000;489;1;0.940;m+mxwvmwvv
00057.png;761;299;870;351;1;0.983;wwww
00057.png;879;312;1005;366;1;0.964;
00058.png;556;208;841;435;1;0.980;
00058.png;866;272;1077;436;1;0.882;
00059.png;1125;459;1465;696;1;0.987;4+wwwmwwk+vxoxmwvv2vxPvvw+vxvvmxvxm+xnvxvxvx
00059.png;1145;386;1285;459;1;0.967;wwww+m
00059.png;1295;406;1469;482;1;0.941;
00060.png;753;226;1106;428;1;0.922;
00060.png;772;163;899;226;1;0.959;www+v
00060.png;910;182;1111;255;1;0.900;
00061.png;437;150;791;415;1;0.988;
00061.png;55;647;109;683;1;0.809;v
00061.png;1147;692;1197;728;1;0.769;I+vv
00062.png;578;156;795;407;1;0.995;
00062.png;830;231;1011;410;1;1.000;
00062.png;831;162;1008;230;1;0.988;
00062.png;794;322;831;360;1;0.489;
00063.png;1025;189;1352;430;1;0.809;
00063.png;876;362;924;398;1;0.745;
00063.png;1253;148;1293;177;1;0.705;
00063.png;847;201;963;241;1;0.676;
00063.png;854;253;930;290;1;0.665;
00063.png;1104;693;1165;716;1;0.553;
00063.png;1047;128;1114;180;1;0.516;
00064.png;619;158;950;433;1;0.911;
00064.png;1155;242;1214;287;1;0.836;
00064.png;1322;240;1369;291;1;0.748;x
00065.png;516;181;855;426;1;0.910;
00065.png;911;264;1117;432;1;0.815;
00065.png;962;198;1114;256;1;0.840;w
00066.png;776;142;1307;413;1;0.841;m
00066.png;1029;92;1313;210;1;0.857;
00066.png;801;55;1027;164;1;0.893;
00067.png;441;98;902;415;1;0.681;
00067.png;925;225;1310;469;1;0.863;m
00067.png;949;161;1097;237;1;0.920;
00067.png;1098;183;1317;270;1;0.850;
00067.png;1332;606;1405;683;1;0.939;m
00067.png;177;527;276;619;1;0.798;
00068.png;322;129;875;427;1;0.625;Im
00069.png;744;389;910;547;1;0.971;m+vvsxxv+7+vv8vvxgvv+oA
00070.png;584;131;903;432;1;0.953;
00070.png;940;254;1042;287;1;0.792;
00070.png;1045;271;1071;304;1;0.517;
00070.png;1792;612;1901;685;1;0.473;
00073.png;944;89;1108;252;1;0.911;vmmwmmDw+vv8w77x+wv7mxm+v
00073.png;940;34;1093;91;1;0.827;
00074.png;1212;374;1577;532;1;0.945;
00074.png;1393;309;1568;376;1;0.999;
00074.png;1216;301;1382;370;1;0.999;
00075.png;821;150;1139;277;1;0.920;
00075.png;821;80;961;137;1;0.985;
00075.png;973;80;1136;137;1;0.930;wwww
00076.png;1199;328;1545;534;1;0.958;mmmwwmw+mxvxxmwx+m+wvxmmv+mwm+mxvmwvxxwwvw+mmw
00077.png;899;94;1064;148;1;0.677;wvmwmw
00079.png;908;130;1231;313;1;0.789;vNvwwvw+wvx+xxwv7w+mvmmw
00079.png;902;83;1039;147;1;0.693;Mwwwm
00083.png;1465;330;1740;480;1;0.937;
00084.png;1418;181;1853;417;1;0.937;m+mwwwwvwm+I+wwwwwwmmvw+mI7mmmwwmmm
00084.png;1402;105;1592;178;1;0.989;
00084.png;1346;618;1409;639;1;0.993;
00084.png;1750;119;1805;152;1;0.935;
00085.png;1271;346;1634;514;1;0.966;
00085.png;1300;325;1348;350;1;0.778;
00085.png;1550;295;1610;324;1;0.748;
00085.png;1383;304;1432;350;1;0.567;
00086.png;1238;342;1617;530;1;0.925;
00086.png;1424;277;1620;355;1;0.968;
00086.png;1251;272;1413;338;1;1.000;
00087.png;883;219;1118;372;1;0.953;v+vvwmmwxxx+mxvmmMvw+n
00087.png;1322;378;1425;500;1;0.987;Y
00087.png;888;167;996;215;1;0.833;
00087.png;1012;181;1125;226;1;0.778;vvx
00088.png;663;153;905;370;1;0.993;wm+wx7xMxv+wv7xmw+nz
00089.png;1360;364;1635;504;1;0.989;
00090.png;1477;245;1809;510;1;0.949;
00090.png;1653;188;1811;241;1;1.000;
00090.png;1483;184;1641;237;1;1.000;
00091.png;848;115;1121;358;1;0.650;w+Iwvwnv+wxwmx+immnwvwmv+wwvwxv+wMm+vvvxLvx
00091.png;981;87;1089;133;1;0.804;Mwx
00092.png;755;156;830;189;1;0.951;
00093.png;787;233;1069;364;1;0.934;
00093.png;797;182;843;221;1;0.454;
00094.png;1214;165;1385;314;1;0.981;wm+wvwvwvww+mwvmvvvmmw+v
00094.png;1215;127;1253;161;1;0.606;
00094.png;816;218;1048;291;1;0.507;mvwxm+wmvww
00095.png;1379;277;1591;359;1;0.931;
00095.png;1594;277;1820;359;1;0.905;
00095.png;1717;421;1795;504;1;0.641;
00096.png;1525;229;1646;277;1;0.987;www
00096.png;1421;280;1650;372;1;0.772;mxwwvwPmv+x
00096.png;1427;250;1480;273;1;0.756;
00097.png;788;118;1082;344;1;0.818;vwmvMvv+vwwwwwm+mvww+xD
00098.png;1218;481;1501;570;1;0.962;
00098.png;1225;414;1362;483;1;0.975;
00098.png;1379;432;1438;481;1;0.636;
00098.png;1447;446;1487;475;1;0.614;
00099.png;1170;425;1411;561;1;0.945;mvvwmm+wmwmxmwv+m
00099.png;1279;393;1413;436;1;0.944;wmxx
00099.png;1186;393;1240;413;1;0.733;
00100.png;917;164;1215;349;1;0.963;
00100.png;919;110;1029;156;1;1.000;
00100.png;1048;114;1097;154;1;0.612;
00101.png;635;93;873;345;1;0.970;m+wvmxwxxvv+wvmmmw+mvmw+zn
